# Created by Octave 4.2.2, Sun May 27 14:54:52 2018 GMT <unknown@unknown>
# name: ans
# type: scalar
1


# name: approximateSolutionSimpson
# type: matrix
# rows: 1
# columns: 1000
 1.358974358974359 0.5300618921308575 0.6440330072278264 0.5234765638597094 0.5698340874811462 0.5403602814744968 0.5546995939763597 0.54666380687067 0.5508406957152597 0.5485816035037205 0.5497782825825253 0.549137617199444 0.5494788775304185 0.5492967482044487 0.549393947643799 0.5493421433983491 0.5493698244565181 0.5493550917853273 0.5493629783717617 0.5493587917151252 0.5493610413818899 0.54935985389134 0.549360497472138 0.5493601622044517 0.5493603476019455 0.5493602540306053 0.5493603083405857 0.5493602830063817 0.5493602995592317 0.5493602932793578 0.5493602987845626 0.5493602976781568 0.5493602998314322 0.5493603000237485 0.5493603010770252 0.5493603015156573 0.5493603021512513 0.5493603025708608 0.5493603030113362 0.5493603033600593 0.5493603036885705 0.5493603039683086 0.5493603042225936 0.5493603044458166 0.5493603046467672 0.5493603048256933 0.5493603049866843 0.5493603051311783 0.549360305261523 0.5493603053791555 0.5493603054856386 0.5493603055821606 0.5493603056698491 0.5493603057496406 0.5493603058223817 0.5493603058888024 0.5493603059495527 0.5493603060052021 0.5493603060562571 0.5493603061031649 0.5493603061463238 0.5493603061860868 0.5493603062227699 0.549360306256655 0.5493603062879947 0.5493603063170146 0.5493603063439173 0.5493603063688864 0.549360306392086 0.5493603064136638 0.5493603064337546 0.5493603064524795 0.5493603064699487 0.5493603064862616 0.5493603065015089 0.5493603065157729 0.549360306529129 0.5493603065416457 0.5493603065533851 0.5493603065644048 0.5493603065747571 0.5493603065844893 0.5493603065936464 0.5493603066022682 0.549360306610392 0.5493603066180514 0.5493603066252786 0.549360306632102 0.5493603066385486 0.5493603066446427 0.549360306650408 0.5493603066558651 0.5493603066610336 0.5493603066659314 0.5493603066705756 0.5493603066749819 0.5493603066791642 0.5493603066831368 0.5493603066869115 0.5493603066905003 0.5493603066939144 0.5493603066971632 0.5493603067002573 0.5493603067032041 0.549360306706013 0.5493603067086912 0.5493603067112456 0.5493603067136842 0.5493603067160122 0.5493603067182353 0.5493603067203604 0.5493603067223917 0.549360306724334 0.5493603067261923 0.5493603067279709 0.549360306729674 0.5493603067313052 0.549360306732868 0.549360306734366 0.5493603067358025 0.5493603067371804 0.5493603067385022 0.5493603067397713 0.5493603067409893 0.5493603067421602 0.5493603067432846 0.5493603067443651 0.549360306745404 0.5493603067464035 0.5493603067473642 0.5493603067482894 0.5493603067491795 0.5493603067500369 0.5493603067508621 0.5493603067516574 0.549360306752424 0.5493603067531626 0.5493603067538745 0.5493603067545617 0.5493603067552243 0.549360306755864 0.5493603067564813 0.5493603067570769 0.5493603067576526 0.5493603067582078 0.5493603067587446 0.5493603067592634 0.549360306759765 0.5493603067602492 0.5493603067607185 0.549360306761172 0.5493603067616103 0.5493603067620351 0.5493603067624453 0.5493603067628435 0.5493603067632281 0.5493603067636015 0.5493603067639625 0.5493603067643126 0.549360306764651 0.5493603067649807 0.5493603067652986 0.5493603067656078 0.5493603067659079 0.549360306766198 0.5493603067664804 0.5493603067667535 0.5493603067670194 0.5493603067672767 0.5493603067675276 0.5493603067677697 0.5493603067680058 0.5493603067682359 0.5493603067684585 0.549360306768675 0.549360306768885 0.5493603067690888 0.5493603067692876 0.5493603067694811 0.5493603067696692 0.5493603067698514 0.5493603067700297 0.5493603067702022 0.54936030677037 0.5493603067705344 0.5493603067706934 0.5493603067708492 0.5493603067709997 0.5493603067711474 0.5493603067712906 0.54936030677143 0.5493603067715662 0.5493603067716981 0.5493603067718271 0.5493603067719531 0.549360306772076 0.5493603067721954 0.5493603067723115 0.5493603067724253 0.5493603067725361 0.5493603067726436 0.5493603067727495 0.549360306772852 0.5493603067729526 0.5493603067730507 0.5493603067731454 0.5493603067732392 0.5493603067733305 0.5493603067734192 0.549360306773506 0.5493603067735904 0.5493603067736725 0.5493603067737542 0.5493603067738333 0.5493603067739099 0.5493603067739852 0.5493603067740592 0.5493603067741308 0.5493603067742014 0.5493603067742704 0.5493603067743374 0.5493603067744028 0.5493603067744666 0.5493603067745297 0.549360306774591 0.549360306774651 0.5493603067747099 0.5493603067747675 0.5493603067748238 0.5493603067748782 0.5493603067749321 0.5493603067749849 0.5493603067750363 0.5493603067750872 0.5493603067751367 0.5493603067751844 0.5493603067752321 0.5493603067752787 0.5493603067753232 0.5493603067753678 0.5493603067754119 0.5493603067754543 0.5493603067754962 0.5493603067755373 0.5493603067755769 0.5493603067756161 0.5493603067756544 0.5493603067756926 0.5493603067757291 0.5493603067757656 0.5493603067758008 0.5493603067758358 0.5493603067758702 0.5493603067759032 0.5493603067759359 0.549360306775968 0.549360306776 0.549360306776031 0.5493603067760615 0.5493603067760908 0.5493603067761204 0.5493603067761487 0.5493603067761764 0.549360306776204 0.5493603067762318 0.5493603067762578 0.5493603067762836 0.5493603067763096 0.5493603067763346 0.5493603067763598 0.549360306776384 0.5493603067764069 0.5493603067764302 0.549360306776453 0.5493603067764756 0.5493603067764978 0.5493603067765199 0.5493603067765412 0.5493603067765619 0.549360306776583 0.549360306776603 0.5493603067766231 0.5493603067766419 0.549360306776661 0.5493603067766799 0.5493603067766986 0.549360306776716 0.5493603067767343 0.549360306776752 0.5493603067767689 0.5493603067767857 0.5493603067768029 0.5493603067768189 0.5493603067768341 0.5493603067768508 0.549360306776866 0.5493603067768814 0.5493603067768965 0.5493603067769112 0.5493603067769253 0.5493603067769404 0.5493603067769542 0.549360306776968 0.5493603067769807 0.5493603067769952 0.5493603067770081 0.549360306777021 0.5493603067770333 0.5493603067770464 0.549360306777059 0.5493603067770707 0.5493603067770825 0.549360306777094 0.5493603067771059 0.5493603067771178 0.5493603067771283 0.5493603067771401 0.5493603067771499 0.5493603067771612 0.5493603067771714 0.5493603067771818 0.5493603067771923 0.5493603067772018 0.5493603067772115 0.5493603067772221 0.5493603067772304 0.5493603067772412 0.5493603067772493 0.5493603067772594 0.5493603067772681 0.549360306777277 0.5493603067772863 0.5493603067772941 0.549360306777303 0.5493603067773114 0.5493603067773197 0.5493603067773276 0.5493603067773359 0.5493603067773438 0.5493603067773516 0.5493603067773596 0.549360306777366 0.5493603067773738 0.5493603067773815 0.5493603067773882 0.5493603067773944 0.5493603067774029 0.5493603067774098 0.5493603067774163 0.5493603067774226 0.54936030677743 0.5493603067774364 0.5493603067774422 0.5493603067774485 0.549360306777455 0.5493603067774604 0.5493603067774677 0.5493603067774728 0.5493603067774795 0.5493603067774852 0.5493603067774908 0.5493603067774967 0.5493603067775026 0.549360306777507 0.5493603067775132 0.5493603067775188 0.549360306777524 0.5493603067775288 0.549360306777534 0.5493603067775391 0.5493603067775447 0.5493603067775492 0.5493603067775547 0.549360306777559 0.5493603067775635 0.5493603067775683 0.5493603067775734 0.549360306777577 0.5493603067775822 0.5493603067775858 0.5493603067775908 0.5493603067775951 0.5493603067775995 0.5493603067776035 0.5493603067776087 0.5493603067776116 0.5493603067776162 0.54936030677762 0.5493603067776235 0.5493603067776277 0.5493603067776318 0.5493603067776351 0.5493603067776397 0.5493603067776435 0.5493603067776462 0.5493603067776506 0.5493603067776534 0.5493603067776575 0.5493603067776606 0.5493603067776645 0.5493603067776683 0.549360306777671 0.5493603067776753 0.5493603067776776 0.549360306777681 0.549360306777684 0.5493603067776873 0.5493603067776908 0.5493603067776941 0.549360306777696 0.5493603067776992 0.5493603067777023 0.5493603067777049 0.5493603067777081 0.5493603067777121 