# Created by Octave 4.2.2, Tue Jun 12 10:46:59 2018 GMT <unknown@unknown>
# name: e
# type: matrix
# rows: 1
# columns: 40
 0.375 0.1875 0.09375 0.046875 0.0234375 0.01171875 0.005859375 0.0029296875 0.00146484375 0.000732421875 0.0003662109375 0.00018310546875 9.1552734375e-005 4.57763671875e-005 2.288818359375e-005 1.1444091796875e-005 5.7220458984375e-006 2.86102294921875e-006 1.430511474609375e-006 7.152557373046875e-007 3.576278686523438e-007 1.788139343261719e-007 8.940696716308594e-008 4.470348358154297e-008 2.235174179077148e-008 1.117587089538574e-008 5.587935447692871e-009 2.793967723846436e-009 1.396983861923218e-009 6.984919309616089e-010 3.492459654808044e-010 1.746229827404022e-010 8.731149137020111e-011 4.365574568510056e-011 2.182787284255028e-011 1.091393642127514e-011 5.456968210637569e-012 2.728484105318785e-012 1.364242052659392e-012 6.821210263296962e-013


# name: f
# type: function handle
@<anonymous>
@(x) cos (2 .* x) .^ 2 - x .^ 2


# name: v
# type: matrix
# rows: 1
# columns: 40
 0.3947436008338515 -0.1304930613613695 0.1305066844052129 -0.001933346273480074 0.06398509659524287 0.0309268749150694 0.01446911734690037 0.006260615316289908 0.002161772392116956 0.0001137419701899289 -0.0009099206175848251 -0.0003981188535173708 -0.0001421958132818979 -1.422876309564725e-005 4.975614332913825e-005 1.776357504101878e-005 1.767377201089548e-006 -6.230700140497092e-006 -2.231663268015271e-006 -2.321434829366531e-007 7.676167467218775e-007 2.67736603720703e-007 1.779655334210872e-008 -1.071734666013846e-007 -4.468845710148273e-008 -1.344595190744258e-008 2.17530060631077e-009 -5.635325650565903e-009 -1.730012522127566e-009 2.226440698471777e-010 -7.536841706290431e-010 -2.655200503909327e-010 -2.143790700515069e-011 1.006030814210135e-010 3.958250394120455e-011 9.072298468026929e-012 -6.182832024137497e-012 1.444677710793485e-012 -2.36904940109639e-012 -4.621303340002214e-013


# name: x
# type: matrix
# rows: 1
# columns: 40
 0.375 0.5625 0.46875 0.515625 0.4921875 0.50390625 0.509765625 0.5126953125 0.51416015625 0.514892578125 0.5152587890625 0.51507568359375 0.514984130859375 0.5149383544921875 0.5149154663085938 0.5149269104003906 0.5149326324462891 0.5149354934692383 0.5149340629577637 0.5149333477020264 0.5149329900741577 0.514933168888092 0.5149332582950592 0.5149333029985428 0.514933280646801 0.5149332694709301 0.5149332638829947 0.5149332666769624 0.5149332652799785 0.5149332645814866 0.5149332649307325 0.5149332647561096 0.5149332646687981 0.5149332646251423 0.5149332646469702 0.5149332646578841 0.5149332646633411 0.5149332646606126 0.5149332646619769 0.5149332646612947


