# Created by Octave 4.2.2, Sun May 27 14:51:48 2018 GMT <unknown@unknown>
# name: ans
# type: scalar
1


# name: approximateSolutionSimpson
# type: matrix
# rows: 1
# columns: 1000
 2.718861151876593 2.718318841921747 2.718289169920832 2.718284154699897 2.718282781924823 2.71828228843802 2.718282076798673 2.718281974051892 2.718281919360811 2.718281888103856 2.718281869199358 2.718281857225555 2.718281849344889 2.718281843987342 2.718281840242684 2.718281837561772 2.71828183560173 2.718281834141971 2.718281833036791 2.718281832187678 2.718281831526622 2.718281831005785 2.718281830590942 2.718281830257231 2.718281829986334 2.718281829764583 2.718281829581656 2.718281829429674 2.718281829302564 2.718281829195595 2.718281829105059 2.718281829028015 2.718281828962121 2.718281828905497 2.71828182885662 2.718281828814252 2.718281828777381 2.718281828745172 2.718281828716936 2.718281828692098 2.718281828670179 2.718281828650777 2.718281828633557 2.718281828618224 2.718281828604538 2.718281828592294 2.718281828581311 2.718281828571436 2.718281828562538 2.718281828554504 2.718281828547235 2.718281828540645 2.718281828534657 2.718281828529211 2.718281828524244 2.718281828519711 2.718281828515564 2.718281828511766 2.718281828508283 2.718281828505081 2.718281828502136 2.718281828499422 2.718281828496919 2.718281828494606 2.718281828492469 2.718281828490488 2.718281828488652 2.718281828486949 2.718281828485366 2.718281828483895 2.718281828482523 2.718281828481246 2.718281828480054 2.718281828478942 2.718281828477902 2.718281828476927 2.718281828476016 2.718281828475163 2.718281828474363 2.718281828473612 2.718281828472904 2.718281828472241 2.718281828471616 2.718281828471028 2.718281828470475 2.718281828469951 2.718281828469459 2.718281828468994 2.718281828468554 2.718281828468139 2.718281828467745 2.718281828467373 2.71828182846702 2.718281828466687 2.71828182846637 2.71828182846607 2.718281828465785 2.718281828465513 2.718281828465256 2.718281828465011 2.718281828464778 2.718281828464557 2.718281828464345 2.718281828464146 2.718281828463953 2.718281828463771 2.718281828463597 2.718281828463431 2.718281828463272 2.71828182846312 2.718281828462975 2.718281828462837 2.718281828462703 2.718281828462578 2.718281828462457 2.718281828462341 2.71828182846223 2.71828182846212 2.71828182846202 2.718281828461924 2.718281828461828 2.718281828461739 2.718281828461652 2.71828182846157 2.718281828461489 2.718281828461412 2.718281828461338 2.718281828461269 2.718281828461199 2.718281828461134 2.71828182846107 2.718281828461011 2.718281828460952 2.718281828460896 2.718281828460841 2.718281828460788 2.71828182846074 2.71828182846069 2.718281828460642 2.718281828460598 2.718281828460553 2.718281828460513 2.718281828460472 2.718281828460432 2.718281828460395 2.71828182846036 2.718281828460324 2.718281828460288 2.718281828460256 2.718281828460225 2.718281828460193 2.718281828460162 2.718281828460134 2.718281828460108 2.718281828460079 2.718281828460053 2.718281828460026 2.718281828460002 2.718281828459977 2.718281828459955 2.718281828459934 2.718281828459911 2.718281828459889 2.718281828459871 2.718281828459853 2.718281828459832 2.718281828459813 2.718281828459795 2.718281828459777 2.718281828459759 2.718281828459744 2.718281828459728 2.718281828459712 2.718281828459696 2.718281828459681 2.718281828459666 2.718281828459655 2.71828182845964 2.718281828459627 2.718281828459612 2.7182818284596 2.718281828459589 2.718281828459578 2.718281828459565 2.718281828459554 2.718281828459543 2.718281828459533 2.718281828459523 2.718281828459513 2.718281828459501 2.718281828459495 2.718281828459483 2.718281828459475 2.718281828459468 2.718281828459457 2.718281828459451 2.718281828459441 2.718281828459433 2.718281828459425 2.718281828459418 2.71828182845941 2.718281828459405 2.718281828459397 2.71828182845939 2.718281828459383 2.718281828459376 2.718281828459372 2.718281828459365 2.718281828459359 2.718281828459353 2.718281828459349 2.718281828459339 2.718281828459336 2.718281828459331 2.718281828459324 2.718281828459318 2.718281828459313 2.718281828459309 2.718281828459304 2.718281828459301 2.718281828459296 2.718281828459292 2.718281828459285 2.718281828459282 2.718281828459278 2.718281828459274 2.71828182845927 2.718281828459265 2.718281828459263 2.718281828459259 2.718281828459255 2.71828182845925 2.718281828459247 2.718281828459244 2.718281828459239 2.718281828459236 2.718281828459233 2.718281828459229 2.718281828459228 2.718281828459226 2.718281828459222 2.71828182845922 2.718281828459217 2.718281828459214 2.718281828459209 2.718281828459209 2.718281828459206 2.718281828459201 2.718281828459199 2.718281828459198 2.718281828459194 2.718281828459193 2.718281828459189 2.718281828459189 2.718281828459185 2.718281828459182 2.718281828459182 2.71828182845918 2.718281828459176 2.718281828459176 2.718281828459174 2.718281828459172 2.718281828459169 2.718281828459169 2.718281828459167 2.718281828459165 2.718281828459162 2.718281828459162 2.71828182845916 2.718281828459159 2.718281828459154 2.718281828459155 2.718281828459151 2.718281828459147 2.718281828459149 2.718281828459149 2.718281828459146 2.718281828459145 2.718281828459144 2.718281828459141 2.718281828459138 2.71828182845914 2.718281828459139 2.718281828459138 2.718281828459136 2.718281828459135 2.718281828459134 2.718281828459132 2.71828182845913 2.718281828459131 2.718281828459125 2.718281828459128 2.718281828459128 2.718281828459126 2.718281828459125 2.718281828459121 2.718281828459123 2.71828182845912 2.718281828459121 2.71828182845912 2.718281828459118 2.718281828459117 2.718281828459116 2.718281828459114 2.718281828459114 2.718281828459114 2.718281828459112 2.718281828459111 2.71828182845911 2.718281828459111 2.718281828459109 2.718281828459109 2.718281828459107 2.718281828459107 2.718281828459107 2.718281828459107 2.718281828459105 2.718281828459104 2.718281828459103 2.718281828459104 2.718281828459103 2.718281828459099 2.7182818284591 2.7182818284591 2.718281828459098 2.718281828459097 2.718281828459096 2.718281828459095 2.718281828459097 2.718281828459096 2.718281828459096 2.718281828459094 2.718281828459092 2.718281828459093 2.71828182845909 2.718281828459093 2.71828182845909 2.718281828459091 2.718281828459088 2.71828182845909 2.718281828459089 2.718281828459089 2.718281828459089 2.718281828459088 2.718281828459088 2.718281828459086 2.718281828459086 2.718281828459087 2.718281828459086 2.718281828459086 2.718281828459084 2.718281828459086 2.718281828459082 2.718281828459084 2.718281828459083 2.718281828459081 2.718281828459084 2.718281828459082 2.718281828459083 2.718281828459082 2.718281828459082 2.718281828459079 2.71828182845908 2.71828182845908 2.718281828459078 2.718281828459079 2.718281828459078 2.718281828459078 2.718281828459078 2.718281828459077 2.718281828459078 2.718281828459076 2.718281828459077 2.718281828459075 2.718281828459074 2.718281828459074 2.718281828459076 2.718281828459075 2.718281828459073 2.718281828459074 2.718281828459074 2.718281828459074 2.718281828459072 2.718281828459075 2.718281828459072 2.71828182845907 2.718281828459072 2.718281828459071 2.718281828459072 2.718281828459068 2.71828182845907 2.71828182845907 2.718281828459071 2.718281828459071 2.71828182845907 2.71828182845907 2.718281828459069 2.718281828459071 2.718281828459069 2.71828182845907 2.71828182845907 2.718281828459068 2.718281828459069 2.718281828459066 2.718281828459068 2.718281828459069 2.718281828459066 2.718281828459068 2.718281828459067 2.718281828459063 2.718281828459068 2.718281828459066 2.718281828459067 2.718281828459064 2.718281828459064 2.718281828459065 2.718281828459067 2.718281828459067 2.718281828459066 2.718281828459066 2.718281828459062 2.718281828459064 2.718281828459065 2.718281828459064 2.718281828459065 2.718281828459062 2.718281828459062 2.71828182845906 2.718281828459064 2.718281828459062 2.718281828459064 2.718281828459062 2.718281828459063 2.718281828459061 2.718281828459062 2.718281828459062 