# Created by Octave 4.2.2, Sat May 05 18:11:44 2018 GMT <unknown@unknown>
# name: ans
# type: scalar
101


# name: delta
# type: matrix
# rows: 101
# columns: 1
 -1
 -0.98
 -0.96
 -0.9399999999999999
 -0.92
 -0.9
 -0.88
 -0.86
 -0.84
 -0.8200000000000001
 -0.8
 -0.78
 -0.76
 -0.74
 -0.72
 -0.7
 -0.6799999999999999
 -0.6599999999999999
 -0.64
 -0.62
 -0.6
 -0.5800000000000001
 -0.5600000000000001
 -0.54
 -0.52
 -0.5
 -0.48
 -0.46
 -0.4399999999999999
 -0.42
 -0.4
 -0.38
 -0.36
 -0.34
 -0.32
 -0.3
 -0.28
 -0.26
 -0.24
 -0.22
 -0.2
 -0.18
 -0.16
 -0.14
 -0.12
 -0.09999999999999998
 -0.07999999999999996
 -0.06000000000000005
 -0.04000000000000004
 -0.02000000000000002
 0
 0.02000000000000002
 0.04000000000000004
 0.06000000000000005
 0.08000000000000007
 0.1000000000000001
 0.1200000000000001
 0.1399999999999999
 0.1599999999999999
 0.1799999999999999
 0.2
 0.22
 0.24
 0.26
 0.28
 0.3
 0.3200000000000001
 0.3400000000000001
 0.3600000000000001
 0.3799999999999999
 0.3999999999999999
 0.4199999999999999
 0.4399999999999999
 0.46
 0.48
 0.5
 0.52
 0.54
 0.5600000000000001
 0.5800000000000001
 0.6000000000000001
 0.6200000000000001
 0.6399999999999999
 0.6599999999999999
 0.6799999999999999
 0.7
 0.72
 0.74
 0.76
 0.78
 0.8
 0.8200000000000001
 0.8400000000000001
 0.8600000000000001
 0.8799999999999999
 0.8999999999999999
 0.9199999999999999
 0.9399999999999999
 0.96
 0.98
 1


# name: fcheby
# type: matrix
# rows: 8
# columns: 1
 0.03992255956611474
 0.05469399477003974
 0.1147255116443542
 0.5124248042991775
 0.5124248042991778
 0.1147255116443543
 0.05469399477003974
 0.03992255956611474


# name: fequi
# type: matrix
# rows: 8
# columns: 1
 0.03846153846153846
 0.07270029673590504
 0.1788321167883211
 0.6621621621621621
 0.6621621621621624
 0.1788321167883211
 0.07270029673590506
 0.03846153846153846


# name: filename
# type: sq_string
# elements: 1
# length: 9
PA2-1-N_7


# name: flin
# type: matrix
# rows: 1
# columns: 300
 0.03846153846153846 0.03896103330128745 0.03947018709719005 0.03998924685971625 0.04051846742197562 0.0410581117337627 0.04160845116832804 0.04216976584249438 0.04274234495077035 0.04332648711414899 0.04392250074431592 0.04453070442403116 0.04515142730448993 0.04578500952051237 0.04643180262445817 0.04709217003981193 0.0477664875354371 0.04845514372155189 0.04915854056853911 0.04987709394976417 0.0506112342096414 0.05136140675825824 0.05212807269394167 0.05291170945522856 0.05371281150378569 0.05453189103991275 0.05536947875235503 0.05622612460425176 0.05710239865715055 0.05799889193513019 0.0589162173311911 0.05985501055819864 0.06081593114679604 0.06179966349284471 0.06280691795709788 0.06383843201997105 0.06489497149444044 0.06597733180027543 0.06708633930300026 0.06822285272117619 0.06938776460580585 0.07058200289588244 0.07180653255434023 0.07306235728891018 0.07435052136264519 0.07567211149915441 0.07702825888787602 0.07842014129502309 0.07984898528615807 0.08131606856668844 0.08282272244693012 0.0843703344387548 0.08596035099122522 0.08759428037302597 0.08927369570991765 0.09100023818587862 0.09277562041704975 0.09460163000806326 0.09648013330081393 0.09841307932621919 0.1004025039700098 0.1024505343640918 0.1045593935155188 0.1067314051856079 0.1089689990322101 0.1112747160286075 0.113651214172936 0.1161012745024194 0.1186278074270261 0.1212338593974174 0.1239226199222096 0.1266974289496136 0.1295617846284053 0.1325193514628846 0.1355739688759618 0.1387296601937228 0.1419906420637013 0.1453613343175736 0.1488463702870005 0.1524506075787908 0.1561791393123303 0.1600373058182039 0.1640307067919695 0.1681652138909684 0.1724469837546728 0.1768824714201485 0.1814784440934908 0.1862419952252586 0.1911805588226488 0.1963019239129957 0.201614249051702 0.207126076742365 0.2128463476070529 0.2187844141097239 0.2249500535948831 0.2313534803558767 0.2380053563917301 0.2449168004470914 0.2520993948554252 0.2595651896198313 0.2673267030673452 0.2753969182998281 0.28378927453607 0.2925176522939802 0.3015963511972634 0.3110400590064921 0.3208638102689627 0.3310829327546236 0.341712979596829 0.3527696447878275 0.3642686593922403 0.3762256655416493 0.3886560649665689 0.4015748385184119 0.4149963328474742 0.4289340101522841 0.4434001567258191 0.4584055459272097 0.4739590512442612 0.4900672053325733 0.5067337013818826 0.5239588339409 0.5417388775102104 0.5600654028792302 0.5789245334334893 0.5982961465876087 0.618153029192538 0.6384600002856612 0.6591730199224337 0.6802383090103936 0.7015915119363394 0.7231569410965331 0.7448469498275373 0.7665614871469482 0.7881878934283143 0.809600999764548 0.8306635942987752 0.8512273151410126 0.8711340206185565 0.8902176727142371 0.9083067482169342 0.9252271645312857 0.9408056742365248 0.9548736462093863 0.9672711141886482 0.9778509395576751 0.9864829077748107 0.9930575611490016 0.9974895677593556 0.9997204392458569 0.9997204392458569 0.9974895677593556 0.9930575611490016 0.9864829077748107 0.9778509395576751 0.9672711141886482 0.9548736462093863 0.9408056742365248 0.9252271645312857 0.9083067482169347 0.8902176727142375 0.8711340206185568 0.8512273151410128 0.8306635942987755 0.8096009997645484 0.7881878934283147 0.7665614871469487 0.7448469498275376 0.7231569410965333 0.7015915119363398 0.6802383090103941 0.659173019922434 0.6384600002856615 0.6181530291925383 0.598296146587609 0.5789245334334895 0.5600654028792305 0.5417388775102109 0.5239588339409004 0.5067337013818829 0.490067205332573 0.4739590512442609 0.4584055459272095 0.443400156725819 0.4289340101522841 0.4149963328474742 0.4015748385184119 0.3886560649665689 0.3762256655416493 0.3642686593922403 0.3527696447878275 0.341712979596829 0.3310829327546236 0.3208638102689627 0.3110400590064921 0.3015963511972634 0.2925176522939802 0.28378927453607 0.2753969182998281 0.2673267030673452 0.2595651896198313 0.2520993948554252 0.2449168004470914 0.2380053563917301 0.2313534803558767 0.2249500535948831 0.2187844141097239 0.2128463476070529 0.207126076742365 0.201614249051702 0.1963019239129958 0.1911805588226489 0.1862419952252587 0.1814784440934908 0.1768824714201486 0.1724469837546729 0.1681652138909685 0.1640307067919696 0.160037305818204 0.1561791393123304 0.1524506075787909 0.1488463702870006 0.1453613343175736 0.1419906420637013 0.1387296601937228 0.1355739688759619 0.1325193514628847 0.1295617846284053 0.1266974289496136 0.1239226199222097 0.1212338593974176 0.1186278074270261 0.1161012745024194 0.113651214172936 0.1112747160286075 0.1089689990322101 0.1067314051856079 0.1045593935155188 0.1024505343640918 0.1004025039700098 0.09841307932621919 0.09648013330081393 0.09460163000806326 0.09277562041704975 0.09100023818587862 0.08927369570991765 0.08759428037302597 0.08596035099122522 0.0843703344387548 0.08282272244693012 0.08131606856668844 0.07984898528615807 0.07842014129502309 0.07702825888787602 0.07567211149915441 0.07435052136264519 0.07306235728891018 0.07180653255434023 0.07058200289588244 0.06938776460580585 0.06822285272117619 0.06708633930300026 0.06597733180027543 0.06489497149444044 0.06383843201997108 0.06280691795709789 0.06179966349284474 0.06081593114679605 0.05985501055819864 0.05891621733119112 0.05799889193513022 0.05710239865715057 0.05622612460425178 0.05536947875235505 0.05453189103991277 0.0537128115037857 0.05291170945522856 0.05212807269394169 0.05136140675825825 0.05061123420964141 0.04987709394976419 0.04915854056853912 0.04845514372155188 0.04776648753543709 0.04709217003981192 0.04643180262445817 0.04578500952051237 0.04515142730448993 0.04453070442403116 0.04392250074431592 0.04332648711414899 0.04274234495077035 0.04216976584249438 0.04160845116832804 0.0410581117337627 0.04051846742197562 0.03998924685971625 0.03947018709719005 0.03896103330128745 0.03846153846153846


# name: i
# type: scalar
1


